172 176 56 57
176 181 57 57
181 185 57 58
236 255 56 43
121 136 58 56
163 172 56 56
185 190 58 61
216 236 59 56
162 163 56 56
136 152 56 59
190 208 61 63
208 216 63 59
152 154 59 59
154 162 59 56
105 121 65 58
153 154 78 59
208 209 63 83
209 212 83 89
153 156 78 88
155 156 94 88
95 105 72 65
155 157 94 100
212 215 89 103
84 95 77 72
156 157 110 100
214 215 109 103
77 84 83 77
67 77 90 83
214 216 109 126
216 216 129 126
216 223 129 133
223 233 133 136
196 216 137 129
48 67 107 90
44 48 112 107
156 164 110 154
164 164 154 161
164 196 161 137
132 135 167 167
28 44 127 112
135 161 167 166
161 164 166 161
111 132 168 167
28 58 127 149
93 111 165 168
58 66 149 154
161 164 166 169
66 82 154 161
82 93 161 165
164 165 169 172
13 28 127 127
224 229 209 208
165 172 172 184
172 172 184 185
221 224 211 209
207 221 211 211
172 175 185 191
175 177 191 193
177 186 193 202
186 207 202 211
0 13 126 127
229 255 208 211
233 255 136 139
